      Step  ID_agent           Loss     Diff.Error     Parameters
         1        65    3.41081E-03    9.96589E-01    1.00000E+00   -2.12914E+00   -1.49347E+01
         3        57    4.73584E-05    3.36345E-03    5.00000E+00   -1.75739E+00   -1.50000E+01
         6        57    3.85971E-05    8.76127E-06    5.00000E+00   -1.57293E+00   -1.50000E+01
         7        63    2.12570E-05    1.73401E-05    5.00000E+00   -1.45625E+00   -1.61978E+01
         8        54    1.51650E-05    6.09202E-06    5.00000E+00   -1.64278E+00   -1.65000E+01
        11        40    6.44773E-06    8.71728E-06    5.00000E+00   -1.57145E+00   -1.66960E+01
        15        40    6.11659E-06    3.31143E-07    5.00000E+00   -1.57145E+00   -1.70523E+01
        16        40    4.56639E-06    1.55020E-06    5.00000E+00   -1.53331E+00   -1.70523E+01
        19        66    4.40126E-06    1.65131E-07    5.00000E+00   -1.54089E+00   -1.70459E+01
        21        64    4.33104E-06    7.02164E-08    5.00000E+00   -1.54368E+00   -1.70626E+01
        22        55    4.23926E-06    9.17839E-08    5.00000E+00   -1.53926E+00   -1.70676E+01
